46995
61205
21304
23354
50562
78033
48670
68507
68445
82288
50075
94290
39008
22757
512
87496
69569
44227
70057
88989
51391
85843
60801
22474
93308
83879
92299
1539
89251
99947
7795
92102
70216
85634
59049
36504
33424
91816
25965
20356
89686
1335
56151
37618
47380
99225
81237
92737
70220
67580
48796
22254
55040
78498
16873
52969
21755
94334
66431
51867
84393
56807
47879
12625
69095
40288
49499
87665
23343
79533
20670
57668
45747
28699
92763
76099
39673
49556
78649
74591
85279
34650
14075
46089
5799
27179
96885
7033
8012
95386
39334
42388
2990
21711
81650
69682
73790
95197
96138
70683
29884
79116
26689
79681
55175
55920
39764
12596
72711
13884
71178
70975
59878
39531
47793
6394
27949
14440
80909
93441
15402
4560
8980
26044
41561
3233
13373
20370
40003
31102
37655
3084
47072
31683
60707
57866
5638
67907
67299
7858
71959
42298
20585
56206
92616
36344
37450
3292
87602
65410
74158
73245
25293
26060
66756
24963
36014
21551
19192
60694
65668
41566
13749
82409
84176
75450
74826
46651
68595
55701
1500
41481
73842
38632
5492
30690
84065
38958
49548
8002
46652
55021
85224
31928
5847
54491
85299
19656
12730
72430
96012
7034
21590
21599
34815
90970
31627
35203
12488
51512
89133
67884
49930
73015
29816
97942
75656
42382
82515
25214
52085
58384
3648
80384
62017
67744
76098
39145
1887
6809
89151
59489
7455
13283
19360
26453
29756
70586
83678
56822
56963
86917
95914
10432
50504
24641
76741
23875
53880
5028
27063
72148
14192
79639
92824
75224
84378
79221
52122
72338
97763
82527
3025
4910
76578
91180
94446
64487
13827
61881
40739
31586
53941
12628
80869
82540
78942
69045
5
33534
25939
19601
15002
71904
25610
30493
93255
34107
75596
19634
50772
73933
89885
53919
92272
68554
67364
24202
48918
43149
33739
54384
38401
58236
84651
69537
29582
27134
58642
15051
32046
7862
4805
74782
8965
96880
7365
62917
57754
10009
85521
96313
78216
74971
77718
83657
95387
60293
93939
89168
38210
79770
25288
25283
17215
64283
14320
68380
69190
70691
11462
65055
40124
78624
6760
53170
60470
20765
98773
73704
59464
64796
24068
16869
20359
77084
4269
50672
90578
2022
97505
48130
25836
16304
35188
86961
70306
44581
8042
64693
72156
75857
85315
179
16937
49747
13069
33158
33537
29917
45859
13420
87368
46449
30778
73205
40423
3612
12537
40986
49165
41760
33179
95085
97064
95902
95912
91220
93294
99894
79623
4553
15286
38764
43109
52799
57420
74927
6991
25535
27739
79219
69721
39833
77029
83407
2175
60180
65786
8157
37147
93128
90426
6745
51877
46996
33694
37046
36581
99302
96178
48515
71238
97515
35229
93801
62458
58574
9476
20738
14333
29088
21392
65959
21947
94908
99980
35418
41530
62883
13664
40262
85708
26698
22735
78762
30803
89167
96514
55351
66462
58122
33470
4885
89183
98435
43761
58617
77513
13165
22767
67216
4341
77543
31592
30164
33832
35225
88334
71967
18491
52452
45505
1826
90858
7909
442
36069
29524
48110
79254
9428
43472
27271
88797
84173
92996
62762
30613
56939
38574
14634
24185
26235
22761
48139
1393
57176
11387
80347
3223
29330
6115
35720
10272
53765
51677
56810
31001
99325
41303
67959
50314
87543
63949
99649
72824
96204
31703
47670
90384
4241
52977
70595
72021
26475
75454
78907
4404
74180
20259
43227
54320
22035
48202
94863
32582
62762
15520
37087
44362
60951
81947
32350
81860
86333
89187
97871
27391
40579
25594
96556
57875
1208
51326
74020
42174
28469
38854
81416
60494
47194
49383
54524
53732
64960
44751
6809
63316
17536
66573
69342
98863
7502
32851
24663
31320
91814
97428
66642
68764
99541
28453
7561
1249
62849
46787
86717
40932
74947
65075
41640
96335
47717
20646
96442
96797
86145
28277
12935
78114
28567
83215
33562
67303
93139
42786
46456
49034
1732
79813
6609
53856
75634
77924
52498
40291
2647
98608
13023
84209
81301
91950
77329
61679
57444
97595
48006
74792
50615
49673
38770
1299
22131
18365
83887
12413
15785
81000
30817
85872
68171
3773
4153
54455
39140
29210
48411
22246
4269
25088
84613
23747
16225
43116
64866
29292
18816
80035
93567
97113
7979
3791
85136
11618
3838
48419
63458
79815
46075
41264
84670
6872
80411
15504
82692
88989
68926
33362
86040
60694
41536
78676
7004
96284
13425
70249
64157
37618
56403
360
70728
13059
94546
1382
86395
82536
75060
7706
1485
95487
46513
33040
2603
43031
4543
29080
81937
21985
18281
30192
66374
17598
15842
33848
72444
97530
58044
93042
5960
20808
25324
10592
93424
48664
65680
57859
75442
77539
5152
78250
92988
68823
53363
33020
27020
33660
57209
79239
99609
45254
88127
21748
62994
37789
13729
4539
75108
62155
85626
44562
42792
80686
9352
60444
99120
30949
9470
80330
66846
19088
455
97284
85620
16187
41221
15130
85731
68125
73021
55087
29095
13813
96468
76558
37550
74099
92066
36000
3346
24380
51011
98213
30837
4830
79842
227
61498
30929
25226
16941
31484
288
71709
94267
63098
75610
56495
25915
56968
39000
97899
93890
13375
42142
4435
82984
43874
42722
80642
99527
4473
93570
47473
47292
94977
72517
57489
7687
85213
78447
53032
202
88824
21415
57042
38676
9667
86205
69692
62442
533
98040
62274
22375
27711
96758
19669
29156
23202
22530
89160
93761
91671
23414
28151
45442
78776
91436
51447
9014
96227
42743
4495
995
65234
2069
36481
64824
93346
15802
62755
18665
3248
24352
87511
97187
74427
85671
38546
19875
96632
72960
150
23832
51260
15298
3300
96171
91096
8978
78712
37495
42440
72443
54788
58438
51284
83231
91327
72350
84519
43859
55235
56568
11953
24654
72597
55918
60173
50098
53881
59637
34054
76588
56848
14480
14960
6842
30398
15831
6135
11947
56232
46932
18409
68747
39456
61697
89517
60480
91036
16345
28453
4166
60445
67972
31230
66771
38668
48110
68101
21473
42766
25955
48765
43021
63877
75681
67066
22765
21551
22899
50679
13511
43327
42258
87739
52901
86819
41766
797
53060
32281
16713
84430
7003
96327
76283
40363
33856
17306
35062
74066
9939
73827
77565
69943
50568
80143
96713
76636
3056
39177
78085
55176
38789
26645
41794
18257
26163
12541
31374
83410
73271
71326
22929
93576
94876
37506
4430
76052
22349
96894
64273
31603
67414
74672
80833































































































































































































































































































































































































































































































































































































































































































































































































































































































































































































































































































































































































































































































































































































































































































































































































































































































































































































































































































































































































































































































































































































































































































































































































































































































































































































































26154
74897
65245
58619
7444
22031
48920
74857
10343
98492
12656
75137
42263
56090
74305
76960
94301
87030
52219
8401
95149
48653
65347
5428
78431
32670
91744
74765
18810
74884
25323
68975
53839
88160
80781
35207
47332
36852
59958
17416
38445
83151
9025
47430
67768
93415
8932
35710
609
73925
93615
49716
1518
29767
99573
62210
530
82709
53626
16545
88745
9667
99212
53312
11638
70874
49715
95325
74253
93165
56132
84783
7072
38859
26037
20873
10769
20365
79265
95661
83369
73774
72586
94024
61691
36509
39766
80642
80929
15474
41548
95122
38491
20708
59742
57104
91941
77013
42515
97463
82870
43357
23382
87180
90231
73584
4408
71793
57726
18861
12884
19388
64528
74534
6805
82679
47821
45287
11884
79532
96272
16816
61623
70592
76919
43253
6415
48456
24460
47658
14603
66748
68478
63891
59206
73621
37041
92347
31988
11124
71597
64214
29547
187
59560
34996
56341
8682
19208
74287
54947
45860
60329
53715
87933
44462
1113
44692
79617
99606
98163
72725
57084
69316
27842
23559
51066
68465
2281
89136
48097
28144
8470
1301
13906
19245
37543
92871
8062
7473
60402
57717
20969
10547
63137
85588
17307
30532
97085
20655
19647
42823
27475
64085
71810
83724
50247
1981
51968
21489
50358
19231
20856
58947
70505
99497
45750
69917
31387
5040
90486
81889
99961
48909
62999
43828
73765
96502
46109
60433
31798
55903
22819
62220
61164
53272
19334
50429
84982
46192
33559
73995
59549
312
48131
44107
91691
48250
11619
45780
86126
39276
26608
48539
71161
48004
4402
47124
46279
1470
83428
37901
52766
27258
70929
44171
41912
47457
61063
69953
79674
74558
52077
83023
17944
77300
24892
48897
32392
61249
25850
23730
81224
17301
70484
16446
67481
25972
45054
88049
68863
97420
28516
28721
76498
74483
74755
5446
92452
79036
18714
17250
60791
83348
62583
77556
52238
35418
70961
49362
90197
30260
98881
91658
46398
85303
1456
9222
17781
27187
23086
92952
86193
7756
17932
96089
74174
80157
34332
37039
65404
77310
19409
2824
16478
13099
5525
75312
75311
20907
7616
18584
84512
5408
72587
31100
31079
33710
99830
81559
82428
95211
70173
71667
60388
44217
75491
33273
98731
5570
93185
58351
93211
85348
71119
76799
1746
67928
11820
97267
73392
46838
1143
85554
5795
95811
65486
25937
31881
23643
5974
61296
5745
7714
79299
24960
11741
48623
26258
34937
79810
43059
64963
80336
80887
58478
27898
66326
91839
67323
84195
62865
59712
72266
44435
15336
94091
33715
29198
82780
35502
48988
98187
70896
7490
33354
67214
46950
81035
38083
92466
63780
81777
18439
59573
40408
4330
66423
41183
14488
2993
17004
74838
9428
30816
87605
9048
44774
74440
94034
1929
96768
2741
73262
8857
64916
32203
91813
48940
36789
90413
35979
54773
12752
32726
43169
60267
22576
23819
48391
60664
93418
51702
5682
36867
86092
64762
79812
80826
97477
69035
93375
39682
98192
3173
72893
40409
10222
24702
68555
7366
57221
28755
71510
36275
33083
8755
85003
94924
25796
93536
20795
2797
64870
51845
42875
41867
2276
39792
15367
42774
64323
1628
86074
87193
38660
32208
70343
49684
47597
10868
80214
78440
46880
62398
69469
82060
56437
83146
49105
13567
85714
23185
21184
33143
48188
97864
5695
44897
24230
10737
85226
84326
85713
53237
55294
94882
96005
2485
28667
60636
36606
79124
55290
41941
75951
74325
32899
36339
29406
25502
18362
87410
66731
85455
59970
7619
38192
55638
8276
2446
29115
77106
34866
39952
35271
27367
62117
17292
52976
50576
74706
44854
5136
71489
94106
42518
73725
3871
5919
84750
81072
49319
51921
54049
37215
64097
86908
771
14210
62444
96023
27768
91344
9259
39116
47170
57730
22493
43154
20068
37205
54313
70289
1833
52242
51790
8483
88630
65479
75146
51634
74894
39206
74071
12286
48837
98955
34498
8403
30640
47941
39322
39631
14130
58103
253
11847
43254
73257
14150
66227
35430
41229
25817
49656
57201
34008
51932
35791
48407
47321
70033
3319
10562
22418
6944
30684
94465
84908
947
7439
29535
62821
29624
18388
37535
64157
88573
84405
2192
18344
64673
45576
93781
50609
81557
58872
8380
69157
8609
22852
12927
76823
53511
89821
54616
2650
43966
54979
69255
78692
58866
10105
99531
19596
42091
41403
86893
97701
6898
48570
59182
7355
65766
51475
76867
27928
45731
43546
76782
39473
52393
59276
95365
80403
16293
56448
57922
87267
11239
66143
87409
25829
61178
53168
73723
62399
2037
4747
12453
21615
20734
2299
39171
52266
78451
18179
44977
6052
28404
1869
90979
89603
72580
7303
3469
23579
96837
92599
91441
14012
32134
22988
79128
90611
95605
92305
95760
52643
9561
53027
84044
54721
63954
10762
38942
80762
89301
24709
95913
75722
85783
38049
79899
16613
34477
6491
35968
55393
37438
43776
62399
12320
47001
83424
8036
80358
55186
31875
1157
68648
79552
20279
6894
69715
4261
25009
88170
22677
11261
76608
61596
83611
22792
63080
23761
97845
5678
46943
42602
74741
93706
944
53568
84127
82869
34880
66221
5851
42561
30782
85404
50868
30165
87482
25602
53526
3582
68952
67265
48224
88822
37006
83667
83053
32009
28818
19489
16034
66775
46627
62974
24429
71594
22292
55580
8489
39534
46488
14387
73683
70122
58477
80027
2488
19865
45700
67645
2521
24669
60225
53177
17431
83509
69847
38948
74554
23253
6582
44983
70764
95642
4711
43379
30116
16971
12261
43603
96613
29781
12705
62899
6684
47621
83192
3009
44117
24567
22660
93243
75090
81172
92544
25632
61720
34474
69982
27228
21433
80854
81000
9411
11540
83861
2892
79344
58811
22310
61366
11992
44378
41707
99515
37660
40440
54984
80157
64265
31689
55809
29866
35011
60996
52311
22093
53448
98010
30602
57462
89842
17376
59399
44568
23631
83604
78061
75611
482
63862
95709
48569
79758
78681
98493
55805
57539
85174
66100
98510
98451
75370
14340
78146
95113
33297
9222
30016
54911
33927
9360
49016
65785
71114
60282
64312
39249
8239
22031
54841
34161
91030
83447
37453
941
79910
61247
88850
43083
36026
76460
88503
20242
82139
26308
68065
66027
66702
88557
80604
70918
8784
31182
587
12387
56529
28786
11968
28472
9004
19720
20141
43615
4003
44165
99501
92762
88345
45843
35166
74924
33939
85354
8570
39758
97111
33618
50842
4385
95102
36329
45689
6758
48751
20949
6077
45708
77822
35813
61529
70813
67656
93982
32742
46189
11359
64599
29082
35936
83484
88833
84177
18903
24114
62492
31392
77469
92499
78652
77197
70590
87067
32742
43898
2309
57115
68500
81317
22407
46977
71367
60963
46431
72139
5749
94657
32999
15532
96472
39429
78061
90291
22709
13077
78825
83905
53147
74036
67181
28965
26081
63202
48527
74332
55529
40214
70501
87997
66785
52253
33826
33403
5932
26413
63442
57435
30582
63706
25004
2482
59258
36054
57873
27649
21223
14829
68940
96154
97027
48981
7924
74197
85649
89313
35977
14940
52269
57377
51021
55742
73454
74245
56634
58580
30500
6150
6340
66774
56964
27388
82779
57245
54534
68185
65691
39659
12108
31332
15789
74137
11474
25650
51073
14963
18585
52330
82157
57220
77267
6991
56951
28738
62667
50350
79237
30355
28903
61757
22555
45237
10594
27527
4678
90655
7485
74771
79705
50228
54380
12687
10158
91292
14006
12833
71147
17397
27653
86288
51322
13036
10247
94574
15683
94765
57824
74801
59230
96557
50733
25577
81798
75778
26083
69622
58399
30030
64261
29928
88749
60807
66754
32924
35523
49149
3977
96551
29913
18906
27754
72764
42455
45639
57663
39764
48727
123
97499
42222
3338
63568
87599
2647
34742
25535
99444
58498
96361
2112
30733
65408
47959
73329
99000
2094
52239
19305
17099
84465
82318
96084
74495
73137
71790
15069
17433
41610
17463
41168
52690
11644
76094
53149
53486
61880
45004
92820
14370
34718
33367
50583
34598
2908
15437
20266
84014
20766
79674
94691
38736
24775
25560
82984
24232
22896
41628
57058
87432
51408
99914
19415
25801
74714
530
4416
28015
94922
64397
66153
18483
11404
17039
38891
77475
36230
85424
3665
41168
6965
73182
10332
37862
11829
49600
20607
88976
92395
38811
28727
28608
64839
99685
6294
79954
12222
35095
92702
52071
71396
57222
53275
39692
71871
92115
77598
39571
66921
6149
55695
59736
23467
28847
44256
46698
66658
59982
78364
75181
95794
79365
51894
9378
23207
91908
33306
39651
26223
56501
8058
80592
55291
91107
87676
81988
30591
22884
2971
31684
12269
43374
75908
78308
47095
7459
59832
81076
29258
47593
5108
27991
16587
14699
50808
52587
11370
39710
18720
2540
13062
52545
97710
39362
44692
1124
14151
93762
92056
29121
25523
57417
83459
2586
35400
94594
3957
93654
98200
98717
90686
96289
10305
50762
32364
53987
54759
89166
15736
60018
38214
36684
70322
12161
59159
91056
87541
53219
74847
69064
64536
714
2724
71537
27945
91130
53764
71822
34608
56863
34260
12036
46494
44567
45237
67808
75683
67596
54652
52783
70283
1304
36868
61367
55144
64506
19933
32611
12538
68757
9952
19308
63372
8750
47948
25603
51449
14085
16878
45351
85184
72255
62165
71106
57043
83883
26597
90134
25721
925
88175
71783
66749
89723
12508
33552
18266
54801
18523
70457
35420
94198
55844
60882
61477
47775
78477
99154
49583
45533
76032
93417
70256
86246
92377
23186
23005
82012
1638
16039
98016
64101
8996
24192
11493
9059
35771
57856
58992
23823
78349
99824
22663
79206
96791
50417
10058
84010
998
57604
45474
21075
40352
95385
7610
99134
95019
14200
28499
16824
52999
99984
14404
82414
46364
37942
62216
48598
84582
58661
67427
84687
99942
18121
63395
38
48578
22709
20600
66874
12492
77848
80568
932
31373
83264
90551
20128
75033
42518
73275
86735
52911
58042
85429
60604
86873
12083
55695
76246
44474
40381
7468
72301
47486
28855
4795
97190
6334
19121
58661
6914
40165
41468
23289
32585
52681
48392
65592
99684
84147
47740
31622
29442
12816
62405
30315
43812
77322
36982
82026
39787
62350
48943
52551
58584
74263
36804
4652
70130
84285
30388
20892
37947
41706
32943
85162
17655
93406
84901
93675
20124
28286
20168
2528
82105
12702
48697
45450
26153
92322
30229
37531
92596
6806
50718
65099
40454
4482
4522
37167
60548
31902
98139
57732
31232
92204
81365
61449
87114
20417
57989
42369
95359
14425
58817
55123
37476
19558
30374
24726
1665
49482
44621
90912
86269
15791
1485
28222
36753
41191
9638
30389
10971
28095
43291
12130
81487
33736
3678
44908
80795
68422
61529
40847
84581
67570
71882
10297
4905
16394
23193
17136
53878
29037
33043
14816
25308
35619
66765
46744
45567
67794
22910
46116
54468
64831
70871
31045
62791
5120
55665
65515
53654
87089
92031
53363
90103
58297
23023
22797
35813
79813
61869
79992
4494
66195
19969
46396
84782
17480
13076
73715
33276
8275
72079
11995
36458
45135
2132
94780
1341
38793
4274
67239
20702
11082
8550
46585
65966
68033
77356
47325
18133
29061
9514
97591
89305
33075
60416
74034
55978
80568
50250
64055
48692
85966
83046
39325
16555
54532
47489
96009
8519
41693
93531
97639
61830
52833
80171
56249
30963
36109
68328
16499
65419
61147
33538
59785
24309
99426
19625
33444
11154
32893
84833
1826
20845
31528
81865
81659
25619
97434
86322
21696
2148
30234
75347
93558
62955
79499
61972
42718
20776
22536
16066
22695
88031
98781
92876
48725
81143
60176
63890
82464
54655
34275
78851
93984
14154
67888
50812
62462
49610
99340
10442
45574
31502
39777
42676
81199
869
47783
3251
94798
44566
46379
10418
40789
37431
43329
77523
5170
18457
97740
33374
33523
46089
17727
51946
45352
93477
77182
41860
61432
14237
11805
65398
96608
17187
99068
70243
82466
43368
16481
19743
85439
81792
71063
52515
17513
87831
91530
99208
51473
93795
78360
75032
30893
11508
56436
5697
44640
11662
62112
44457
26862
62260
86712
78506
49519
93811
37719
57769
74511
67948
70212
5214
84005
4795
27409
67124
76596
84102
54530
8424
42686
16658
94802
70883
96265
44907
7637
39849
58273
3031
4875
57221
97350
38421
76265
34252
84140
45341
26008
98489
16816
87474
5646
94794
5585
22750
5849
92538
54340
86209
95196
92801
13510
46274
47389
73511
97610
10409
67180
5653
27493
35161
16470
29562
23998
75378
82813
20720
78901
51304
67453
7422
51294
73700
78898
3028
64343
96147
90184
79293
64002
33549
38525
71900
84586
75572
53730
97582
74403
58555
95975
32817
79239
33795
83022
59453
35217
78732
71571
79721
78474
51553
32086
38087
7334
71542
31881
54895
77141
5114
86878
64070
92016
97349
93303
40851
92268
26514
87831
45305
58760
15825
19142
49027
23733
51985
1684
89074
92404
92597
4350
49222
9594
36454
8511
70465
43897
88720
73418
8417
17368
4873
15042
16404
47009
27987
88405
67369
8114
32294
43058
19217
20278
4412
49613
85845
91738
56656
1453
82700
60880
35262
67595
46756
27105
78282
30732
79987
40474
7359
45947
75688
3102
19212
13503
42001
92121
31889
97826
2197
14823
18772
97776
90673
85455
38618
22243
73289
16145
85038
95415
27956
45587
55439
13031
34058
30368
24681
36243
49353
8393
21505
86489
2718
58219
74837
90115
17033
18762
58408
2573
18051
51521
87260
5016
92969
73227
53205
15942
98118
16727
64695
51422
41616
28130
50049
65951
72871
73583
74823
14293
96181
44971
40634
64338
37507
71689
21319
42671
23785
20432
47212
22942
44063
73092
92047
93777
4937
33441
43793
70104
71385
35895
46170
77745
66573
44412
74477
59545
80776
26699
21915
36445
2231
46264
18908
57914
26775
73697
29219
71654
72031
19837
15561
60194
39251
99484
19034
34161
77980
3684
14184
33886
6393
76424
60699
59205
42702
59564
55597
17475
69834
43117
69416
2371
83420
83200
72482
81579
2384
25711
60588
35468
57296
26324
30499
50875
20387
52164
40788
87445
17841
60376
65529
44562
20553
70006
46881
18046
46270
88978
53776
20557
85416
28302
52808
97239
27475
90325
16712
77110
14716
60983
57430
12636
94533
16636
20745
44005
4
34773
25658
26383
75471
96539
44421
12750
4502
42706
78847
24910
43378
58481
91691
62800
91686
45255
26830
76217
79394
4316
1093
51746
44417
95139
12276
81483
76900
893
80342
17373
59293
91822
11381
40777
34640
39153
55062
50533
50954
9742
644
38842
9534
91444
32119
98217
20844
53885
29461
79527
36205
18353
80707
83507
49027
35106
5439
67688
97951
43327
32369
84364
41505
49617
11975
74290
26445
29498
97537
12220
62655
76279
95872
78461
77946
56239
84927
79138
45477
83788
58831
67182
22847
63677
39702
43630
14523
98253
10479
10021
89263
77971
89373
96559
24872
19051
30028
38457
21416
38749
35627
98802
23524
69974
86288
92336
38176
17146
80216
55733
34144
22060
49787
9582
21326
39944
92018
76560
73813
64552
33551
28849
292
33126
27204
66335
84987
69612
83503
80162
98465
22667
12768
90278
71683
93596
64259
25686
31158
21937
61053
44159
22976
24454
17750
27346
77400
49734
98834
70419
11177
35948
48123
55879
3309
22252
30547
87992
22017
57136
2234
57236
63481
95875
19129
51487
14040
19553
1197
51095
77861
94063
62278
18470
15139
56248
60989
34307
81035
8741
17733
32368
96912
81512
4384
76117
83791
23546
4392
80799
62836
68436
49880
21433
55961
32188
59239
12812
36900
31895
62028
2342
82246
77694
63340
93492
76996
1111
3679
21567
13051
12192
10448
19777
73873
15414
47147
94921
53362
20721
40996
85328
60355
20662
86614
92977
22524
78180
51919
21793
52821
26742
66849
14256
89718
92242
99216
96177
65340
1871
6879
58218
43432
54624
26649
35628
48223
49884
99677
62005
17095
60324
95708
6109
67296
36933
72579
62757
44985
32557
14343
91442
83206
85863
97459
351
89307
92527
77248
23060
8479
13424
17102
31703
48380
27103
4182
41160
30985
91805
17961
22922
61117
90897
62225
89483
99746
98908
87843
78783
24016
50005
85156
75232
4699
76718
75965
46843
84435
88421
7619
98298
70638
73421
43595
37904
78574
14095
78946
71994
71508
99183
92409
20259
13002
24476
7251
51231
32582
12556
89666
24849
64496
70336
76363
19983
26351
6725
88865
46582
13017
9104
98823
84121
56603
79003
73420
73968
75574
60683
18629
98903
87994
58932
47874
97560
71592
6298
11994
89272
71890
90018
83905
91954
90001
86804
28794
19517
3432
72273
78365
54261
28319
65079
32765
94725
42065
22547
20973
31314
59846
92355
86106
90512
25595
50620
14619
89712
39601
63537
64034
6641
2760
73692
81320
18167
75866
35491
84227
7741
43203
7597
93273
20571
10983
33709
76596
29573
47930
7897
14045
30529
39430
16040
6957
58135
78679
48426
47217
6661
28950
5701
64499
19945
80582
66332
53104
38400
12997
80468
47075
15364
64629
53302
66263
7459
73928
75927
86569
35021
9154
52510
16966
96817
47118
105
70398
68708
94596
94273
35510
29269
64155
43045
80816
13370
48772
1524
29766
78785
78944
62078
8089
75266
64567
80786
73636
37845
65600
39447
72492
65442
28133
11297
1759
28248
88847
58818
22977
8372
52944
32468
75285
45867
92600
86591
15126
34828
55652
94009
80173
49174
85176
19318
41681
35345
36829
57405
89038
60079
6844
77695
6601
70427
57640
10351
25835
55926
45838
4415
46571
88119
31272
98688
60801
56242
81560
864
80454
944
76184
34835
10924
18761
86402
41551
96160
36377
58872
68726
12101
85310
4788
27432
72729
56920
60319
94033
79950
70057
32286
85469
68116
39061
18821
33202
89209
72688
21791
95546
62147
85502
84203
64960
4936
77654
1922
98722
22042
9362
53818
31726
41433
43834
82588
78198
73725
10959
41033
60517
17225
57110
33885
79436
64533
846
10888
60432
48126
80984
42422
83057
61797
33052
10909
23958
57382
28203
96507
640
89188
7132
29675
5543
86883
92036
23412
93905
2726
53327
29789
86
28890
79125
90229
21169
81885
47186
12107
66376
91974
23267
14750
28398
22955
97453
8887
47839
855
82179
76473
87697
72709
24010
92484
27691
45948
5583
90963
96823
99956
79979
31678
62249
87014
36482
39628
73236
5731
94836
1229
45644
53898
6721
69911
54531
84793
24481
63139
80772
87947
12574
33058
58621
56175
89296
46559
52977
55693
37685
38733
75624
84658
88460
72714
99869
59681
80584
55833
57764
29644
71063
96620
40964
20923
71185
31443
37506
5935
62966
43668
70071
98941
96662
62820
70032
44983
87994
81381
32288
58879
63818
72300
34172
255
86039
58776
58792
59190
77103
52063
43370
948
31405
61064
84030
34402
3150
59464
31538
21188
27677
40411
63813
83496
18583
42576
39634
89258
87507
32815
80027
24429
7748
82179
16534
45838
99710
49537
29271
7031
91250
45578
46078
25042
57366
41025
37464
41941
61393
90865
24484
37829
85726
11513
94818
90542
75399
70908
95520
35924
30335
2707
33206
81376
13046
34580
20395
89966
45198
40009
55514
75678
44828
15842
89768
92927
54149
10693
53905
27260
39084
32174
50367
84413
49138
58764
89260
84423
65941
78773
54923
86149
25338
69742
50856
36996
67444
40154
27708
26031
95317
14329
91304
25094
91118
69425
9151
93205
54833
33404
89292
44546
60391
79671
99762
50895
27705
7907
31002
25378
49662
93260
11126
30215
72495
22242
51060
23097
39446
45854
76928
15236
83080
80040
77091
11783
17605
16916
13268
62626
47843
42672
58021
82865
2660
17382
69667
10272
36925
26366
4302
42938
27077
81414
83620
57266
34836
19375
90858
10847
94667
59120
7801
22502
55434
23521
240
31719
39548
2058
4796
16564
88700
14135
49475
28118
56552
68420
48048
65955
51997
3153
64723
88323
61152
42375
78222
30447
73433
59392
47961
2550
43308
40053
63700
10280
41908
53442
87565
27618
65825
42739
20611
58512
86018
72821
42249
65962
35589
88001
32810
85792
72651
18478
98570
53358
79971
2591
48854
1621
16338
80537
45205
70962
77960
58623
917
40887
90827
96193
81834
65294
38252
7470
67507
95912
96984
34523
68534
70327
71554
32484
76075
74307
48192
49758
35400
26986
34399
57951
48119
54873
73670
42369
70867
56371
68400
47883
22325
64460
49190
40713
32500
46994
35774
14003
49116
12315
18155
64294
10493
10961
62019
76012
97034
47612
32663
84579
29301
74367
29131
48888
81915
16338
74262
36879
27305
9689
77830
14017
70360
40669
73645
10592
39455
11558
84825
86379
588
16561
74493
29491
1781
2371
54604
53728
362
12307
57874
64241
72767
81737
51778
96805
20526
97648
83704
56417
72610
94853
87564
10745
94378
21882
68562
63168
35318
39833
24779
36737
48578
42013
36234
267
67032
43791
36509
87930
76923
85193
80330
50305
63898
54676
94089
25044
45666
11135
72534
32105
81952
13746
7431
71859
8152
48196
9238
30282
15742
29586
73058
96462
72710
48029
76129
24377
52566
69676
90028
38597
51506
12743
41250
27374
21157
4778
15614
76800
4771
90272
85377
5972
43658
89537
88269
18318
68523
49047
82332
47587
99206
22737
2031
62484
2748
33718
9768
43110
56856
99025
5014
92860
52886
13296
27495
9137
73200
74307
91567
89837
77558
40741
42624
81318
27855
85464
8432
4315
46235
88082
20317
11189
51908
79797
84243
66605
76666
80028
72921
80568
72897
44737
26992
62056
55875
56290
85924
61858
96886
42130
10346
42625
81587
55690
29082
50088
21598
17824
51977
2145
6939
93274
63669
25851
69790
62581
66283
56786
68625
41728
52449
5679
31676
44263
22005
79771
69285
64909
61704
83333
30511
99661
37706
34480
47103
41235
21654
29398
92583
88713
26642
92424
10939
45702
57459
32278
80139
16657
78162
17530
26218
3575
31101
81093
50253
18701
11810
70015
78963
40267
90593
97338
45611
14725
20031
31639
23068
95223
82230
9480
3302
13242
11445
39952
42944
59158
67354
93817
84053
28162
28409
17870
9743
76511
23095
37292
23198
6265
86194
37884
70541
73561
12555
68478
77847
51847
15609
94662
79691
93265
75728
93442
76057
52745
11781
42860
86660
68116
20436
29123
6
68307
97941
41344
56165
80755
32544
12488
41677
33513
26373
32330
11453
81663
35502
17450
91094
68574
72715
38371
89607
85254
63593
54733
42567
99154
89166
74849
54818
64294
49597
20663
27040
90147
52672
8890
86144
91945
85185
86961
52550
51985
3691
58045
90209
35242
53428
47325
19664
33498
64977
97753
91833
57787
97849
76641
31738
92679
63662
1467
4158
12791
23577
5099
70693
46805
32753
53360
36885
96712
35855
23986
47132
55427
14515
80902
47909
74298
20670
1144
88192
18747
7446
89303
51329
17029
17689
30031
17407
86289
45869
34566
53093
55513
26196
34251
47514
94952
32417
35138
55319
94221
99891
67706
66614
45422
10165
37147
3536
63982
15836
57492
9498
67328
34501
53632
66421
32710
36404
4037
62529
65113
16680
45613
17242
4535
71942
59902
13808
17599
76524
56857
3791
39865
91988
36874
32364
51155
90642
95061
12718
9899
47404
59173
76587
62449
64325
26092
4786
46279
67077
99472
591
65683
4001
42923
82661
53330
6461
24455
48331
32452
54686
55284
49206
22142
37111
17864
86593
69325
36942
49182
87269
46539
76293
527
92146
7046
13294
4628
7654
19175
60506
10257
35157
29229
4645
88528
90230
97869
88366
73530
88357
66215
11488
55321
30240
11180
9308
67948
95204
85345
95129
4519
50222
79175
37612
19924
59039
56457
47907
37047
37378
31338
86818
8847
90076
71961
29374
90199
37158
56615
3187
70717
82628
49159
26963
90196
32914
27811
594
81002
46322
44819
45132
44096
59220
57991
38547
24547
66372
1409
11702
470
74617
67837
6131
78222
50339
61495
38858
45661
30891
71285
48392
66375
54751
7147
34689
68159
72679
68986
75684
68748
71755
85897
32532
14944
38234
68105
15401
72255
61417
66291
26219
64829
76002
73223
34871
13866
45789
5292
34081
13836
18640
57813
99744
92936
50862
75905
67888
48378
99252
45651
75030
16900
97662
96743
98126
80815
94916
1598
31808
29695
51858
77892
24989
73140
9814
30097
43212
30311
65020
53422
11906
77281
59902
98447
69874
97745
65134
18061
32248
2958
77444
24521
7896
54019
89172
42369
73259
41241
24524
58558
41182
41721
3447
94500
28828
56637
71889
21409
58430
88965
39112
75602
42123
16633
91048
83226
42569
1666
79764
6259
23644
33661
74343
33384
71967
97323
68861
43671
86093
32127
22623
96256
66646
69114
76588
65558
70204
69923
96088
32579
10848
80852
97310
86008
9535
10093
24574
88991
61181
75177
1779
77854
90471
36998
24612
10722
55926
30795
25056
58760
12285
53921
44919
40905
324
30697
99351
21255
117
52974
45491
60237
91547
32821
49772
68126
51150
86900
9654
98490
10718
98249
79110
66730
3334
21396
78959
67246
91866
35535
98763
19793
87812
91299
42495
83439
29043
68518
37822
80654
68345
55114
70216
76287
87185
65473
5593
94918
35672
22470
65425
26667
57394
73193
52993
1186
60577
93729
13995
68629
99551
75181
62600
5186
73295
9377
25219
55622
46866
22371
66469
11347
96333
16893
33245
88202
23699
32222
11540
83789
78064
2783
74322
90365
8810
91882
40641
69977
90179
13115
85041
26729
39051
76472
19429
25313
63173
81610
38140
84232
99781
2747
62067
26486
60456
80478
59932
85185
4459
11858
53429
66853
55483
76873
86785
41620
10518
78296
16926
89410
32593
21902
38987
53
80347
92534
10209
46838
37117
11662
262
61693
27675
84881
52845
21390
19695
16913
59545
26953
5117
71473
17688
45899
63168
20867
55068
46594
11293
9122
95575
84925
97456
27782
96513
11893
18318
88116
41243
83998
15608
31644
6506
55385
40824
18331
52683
59420
60934
87314
70382
72807
44885
90584
77910
60788
93124
19176
15410
78439
59386
51537
91865
13300
45540
77569
37592
67971
14209
30200
32235
68919
29172
84984
58594
54349
89868
91451
36953
78283
45099
5877
55822
85166
14747
76538
41963
46962
22493
61481
2088
9033
8785
89215
87172
11526
78360
288
6986
71566
34878
92630
50999
9548
33403
60136
35584
14965
3945
69402
71135
29550
37953
41856
5185
72185
67915
78351
35909
24859
43791
31766
56483
27117
58783
84219
65076
27769
54078
60838
3905
91269
69775
31505
27452
64360
55021
55444
74129
7834
97205
65221
70083
83430
54944
51816
87777
60630
54306
41524
10211
45508
43746
20090
22421
32778
2290
17455
49792
39380
61083
88345
78493
44137
16443
20180
47978
9238
74899
45079
51096
20948
16492
83985
34760
87561
4430
43354
48972
61077
59691
15839
96035
52417
10445
85872
57175
62107
10559
84970
83413
22869
24217
57016
33814
92418
57404
3761
9798
50979
75536
17707
35557
89629
95539
95950
51613
72661
48730
62333
20242
37941
77641
35233
72100
48362
76221
14165
27031
58198
68811
77058
94916
29584
54312
33047
1693
20306
87738
43218
14911
7820
60592
5714
20077
41724
58574
17020
25374
32186
66287
23316
12276
52380
60725
31982
11124
48910
33868
4953
74125
31979
35173
12423
68366
98484
74797
41970
8071
83234
82105
71328
41132
78052
38461
1673
99713
32631
65580
24244
43076
11023
33527
75278
92353
35792
65459
95223
9098
64533
32959
57078
35034
67237
31789
97566
18524
70523
91456
27458
50159
42362
64499
80967
57588
80786
19259
16728
87875
16259
87246
92373
79353
66946
64579
66508
54365
98036
96792
79372
37185
75797
53518
60557
24903
80299
75645
63039
83769
75058
51008
75415
74699
46574
83689
54077
78178
78909
73757
62225
81382
86808
72154
28251
94406
97114
44342
60173
9756
52336
27362
85251
15972
8371
16689
9872
48471
88389
48634
50619
42284
24430
36434
70727
80545
58108
66031
19140
84217
11016
84640
46229
75241
13193
70585
56915
96371
20095
36136
38935
69055
80595
76476
32804
72585
30773
87415
80560
6355
53386
76799
66376
14086
97622
81991
45313
39460
5894
48642
95906
36797
30066
52331
89820
51952
57790
73485
76545
50197
3543
48879
40604
56670
86042
51550
43444
70732
91382
12965
54184
3808
76236
10420
53666
1872
8449
43661
58338
54681
12581
9283
69193
48689
30778
79187
38275
31814
67022
32535
92203
18478
46080
21186
45257
5318
85683
7539
85107
18797
66051
40196
73537
71947
76475
23797
18473
26485
21584
79058
98354
17462
624
64252
68512
88329
57486
83174
28584
31680
97645
36100
98067
70505
8787
31964
45603
31246
18388
53989
2709
52558
727
51389
23724
29687
15609
79971
96064
92314
4023
25177
51387
92393
99186
11881
98996
77924
45853
79167
25646
990
26166
79548
68126
96374
43279
24116
9557
39835
39982
53647
94849
39408
39419
69927
59596
35610
70209
1686
21202
34287
70316
76975
43378
19344
33954
94738
87119
91442
90437
24869
73440
31818
36291
96967
77130
18770
89107
9978
78575
23705
51439
51601
57849
78341
89954
19398
59190
19850
90726
30958
17703
86558
99647
50196
14195
96965
61965
86787
977
39451
39793
49401
57938
9478
31564
72966
64977
32557
78386
75477
99627
4029
46819
83088
61014
38637
25421
76446
46634
19358
36440
76527
82357
85362
19092
63845
30367
52509
91234
97886
56440
20431
10463
38888
82794
3339
33029
74552
9647
21594
63125
72967
64179
13543
22841
49908
21840
43730
84832
86246
661
5832
36534
70137
6336
94289
80957
66726
62139
56107
76436
3900
28914
31417
33883
17490
81150
65667
15847
24181
85687
51706
22555
34657
87756
84154
91499
48574
6683
57736
15427
8224
72680
2227
98121
85841
83130
56469
69680
58459
13750
89200
86468
16054
88950
65555
92040
96902
12142
1888
59401
23069
97441
6078
75925
91898
29324
36199
15841
77103
64790
4902
93054
38212
50034
69198
184
34470
64101
17066
49302
40876
24797
16413
55765
95534
11025
50032
53477
28944
30016
64013
16550
64236
63054
72688
85959
69866
49457
43562
6892
41266
73192
91633
68533
36168
13336
11912
31011
54401
93194
68056
41335
72173
93702
3853
21280
91504
53689
65199
9837
57838
71322
8530
68267
45805
51547
65737
12095
35110
98861
72320
69328
39555
2667
2716
16932
89610
7174
26081
16958
79374
16162
66123
13398
87480
14578
87984
17003
4888
47320
88424
47361
64135
17831
28037
38801
93130
1766
42024
49101
93255
44479
19610
23327
61311
39072
90971
81580
98520
23835
12026
28723
54458
58570
32749
14965
68841
12875
18991
43925
11835
36478
89914
68464
72622
69980
63339
98502
87998
6524
55386
1012
38799
87155
92355
40764
20210
33645
27542
41823
33418
93326
14486
97564
9508
14859
48736
76083
73136
58588
99702
221
46968
33627
3273
16769
21592
42790
82090
7606
63923
56383
24743
4797
81452
19000
76793
11338
28254
41548
59100
51421
44698
52504
55563
54880
79771
78382
28299
39671
14947
35189
10270
35417
31319
12854
92574
65566
48264
91790
51740
81293
31991
12593
10254
47968
76334
82085
95780
85046
52575
91648
5506
89040
89398
61742
17823
66972
85771
79568
27707
77946
19685
65766
99388
19730
17892
38840
7571
37890
73651
91544
32684
95789
35714
25571
71130
28540
92124
3367
61625
190
57641
80415
6787
91689
88477
78571
70402
40838
24101
55840
60843
26299
6792
90387
70794
13171
45028
48769
4018
18021
68975
66325
11408
31889
44051
90075
34141
40009
7382
32640
70577
52677
71540
99709
437
23856
30059
16151
92031
89107
80990
92176
82247
77804
45705
96346
47483
64424
42994
4228
43414
88661
14368
94791
34613
60879
26090
45694
4668
18254
43171
58606
86662
19399
66642
28805
71313
45568
57999
45243
2662
54426
81516
93240
63662
53552
36780
41404
67528
13132
88761
97537
31253
69452
60173
20391
44128
89961
34688
71315
64897
42171
40353
89157
47493
94078
97937
59798
16483
79100
90072
2396
33452
27557
81743
55330
17815
44522
33675
9196
53353
45576
32293
75440
19616
85106
73073
48906
55244
52621
12001
13188
86920
28594
56724
29250
9804
41752
90322
77010
74012
62017
42913
62271
70056
25695
50553
23513
1750
54719
9580
81866
34787
30659
93431
82667
33493
55496
85397
86383
48696
84225
79071
92620
29481
43759
35220
92648
93567
26854
83783
90825
1616
14764
87826
14524
44454
19013
39828
52173
81540
82856
87739
52523
78134
38679
75617
43355
68034
4206
45214
97176
53589
41379
79873
33372
23881
34348
18553
11841
66311
6375
38365
7500
90760
27612
59056
50609
19524
14780
90411
24830
69795
67146
55582
54192
15509
46578
36095
33452
64246
46019
30599
80387
75426
68922
97190
71918
26289
98528
74947
29130
43981
43010
77412
39556
90727
41303
67942
18589
69285
5417
24856
61617
68327
77367
64674
98845
80562
8079
28169
71066
767
72889
67623
91605
96354
99694
31062
76139
12168
22139
82083
20222
40484
25329
42288
51598
33018
81786
2182
96736
13300
29071
65434
53547
41029
44036
41420
36499
12531
7617
25917
2351
20408
28962
41772
62761
74903
58199
62887
53953
30343
30671
19283
8564
62755
34797
28163
86083
88123
3515
88854
15761
15507
87416
37736
6946
88720
55593
47645
25712
65726
10890
24484
94026
63244
32804
59238
74515
15890
92359
10820
11361
50042
17085
57690
10039
95658
40816
96970
60823
45551
84092
40387
13342
15585
71655
87789
7517
133
77118
84866
22632
9702
54714
61051
83970
17311
907
63689
88534
14936
87759
49065
33680
93324
17147
4495
12791
31674
28742
43932
83875
99889
54827
43788
28659
17042
9912
73013
1041
5005
90178
39088
69632
84699
39445
63667
36937
43117
15392
5960
23829
69766
3921
3377
60284
49159
52923
74328
20040
93094
11985
4508
18070
83164
23602
60685
6684
24513
97779
41058
49646
24829
44079
77321
35108
33233
92831
91079
98128
10080
13563
9284
80281
83982
55648
57962
98435
85306
31373
80861
48076
69702
37270
65989
46259
95186
12916
19510
19759
77348
18298
27963
83299
8537
43498
19452
20929
25832
33556
80662
71752
29664
60608
81654
77684
72686
7806
52689
13625
38971
92483
23196
32521
23226
87059
56832
36373
208
92584
57327
34731
72546
21591
40881
6865
45570
23017
96086
47236
57560
95065
74389
75292
29281
76277
7477
1227
36640
22856
46335
53171
21004
81402
62870
33469
89584
63456
11505
52784
65976
5011
49640
73195
7401
68295
61910
8268
77151
99735
45074
78542
67804
9350
75228
33888
90763
98815
62991
48183
14674
91182
41641
2572
52861
21107
82343
2108
98509
5744
17663
54726
41947
80080
49258
13539
58375
12188
17448
58109
27436
16170
9515
46276
41383
20595
46923
16346
53417
62763
2040
51957
97437
1428
57914
52126
26583
34824
53821
78831
15540
90258
24572
38709
54969
28336
24356
26478
40338
40598
27607
22117
15382
83200
95521
33775
27279
3966
78413
66559
21412
72305
30398
82855
46708
28210
21878
41956
24533
14365
93042
22438
56721
55029
39480
58146
55992
58993
86718
26066
93282
90725
56820
88890
32727
10627
5245
40013
31820
42208
18523
36365
24229
55828
50905
5073
17938
81952
57618
82132
22112
98548
4880
28534
63059
19158
98052
50336
967
5364
53700
166
99102
52611
19761
3174
68997
6906
58815
8468
65544
89071
19670
90357
47474
94184
85808
61578
81520
29618
54787
4110
94854
25844
6706
28799
97296
33048
54208
35734
79754
40336
27038
16126
76916
11958
5948
41907
37487
90809
54553
62731
40478
82222
90840
76247
37315
53226
39960
92017
64065
27791
18944
94338
58064
5986
88753
13655
63032
42398
76164
59923
23153
11161
80765
90216
74063
58452
31584
50327
76429
70778
13911
91114
54385
53565
83829
32170
71002
61243
49667
11363
20052
73659
71753
27351
64791
14494
12842
33485
48351
72479
46636
80186
13520
34669
6121
49077
10832
18016
30766
25606
7511
11195
34130
32285
35353
5915
99251
61758
8295
3720
76577
46139
89946
48615
15208
95090
64977
12831
97059
12345
91606
3381
17193
2062
14191
70377
42781
34800
22291
2799
55386
91076
20994
54704
24772
59213
26217
40952
94027
67185
48324
56329
77027
35260
59665
51513
90415
76917
23163
7621
17226
69235
69611
2330
508
572
5718
59544
3315
11296
99486
45272
82953
56513
39565
64135
26045
81361
63198
67497
37490
20883
50006
22956
92783
54816
16454
82151
74130
40898
15963
3756
14164
5092
10902
9104
91171
66143
60959
20987
36839
40119
69861
42027
99913
21889
89226
20033
13189
40591
27899
39064
75841
16593
47057
17488
83275
7931
32290
72487
82105
14607
90844
20369
6571
97953
64675
62775
12547
13960
85410
56442
19880
42266
74223
99056
99082
16838
46711
84525
11030
92473
74508
7780
84587
13562
8624
81918
29401
37085
63003
67044
65735
38486
90907
16590
28288
54181
47263
84112
68444
74808
37382
16719
75134
41777
26386
23333
99800
5593
35443
34002
82984
40694
50913
63308
74508
49948
24741
43012
6056
66082
57979
58145
70745
84318
72262
67
62609
70771
15326
80717
23880
96744
72714
39130
3911
61659
13543
93728
22626
17963
83510
79676
67579
56151
92856
78525
89191
8658
99037
57777
28754
3566
78943
29926
27638
55430
79846
74989
41725
2088
20444
81434
19757
8082
76313
56954
5067
73770
97861
26184
20541
87838
47333
78315
92381
13605
5761
25997
97953
74686
14810
35999
38598
60540
12759
3716
28227
76893
5798
3598
91458
55445
68524
53712
84525
25773
27887
61286
66739
99249
70326
52139
56555
79170
39487
23264
45663
97820
38376
11309
89386
55067
53686
34551
21323
11128
9143
80346
91439
97757
9387
74647
76872
26148
96801
5442
78329
68076
48096
81542
66214
42312
88416
87178
12748
39394
38619
5026
94922
32610
85741
25277
36062
15358
99408
59892
48961
76514
46662
28153
99498
49118
16960
95428
68712
47339
18651
93753
55581
30669
1296
84137
46118
81947
63841
42639
69068
94946
33232
56235
71386
21112
45329
19371
56569
89217
50571
25020
98960
60013
30123
49788
14361
65974
26179
34586
20666
85791
71527
2978
14979
7184
16407
22015
35449
79977
23045
14201
62667
34795
99976
42147
7049
68677
39412
6850
21450
26251
24216
49748
78404
47521
85875
71426
73385
63920
74687
18984
47194
99900
19826
63416
50327
89555
90960
30881
19311
82922
62711
68592
42609
81863
50068
8213
47615
56952
54223
87359
10634
18782
51443
15440
11752
75360
52734
19283
49464
84567
59121
68785
35487
98710
79659
24539
59136
41717
91759
4211
45485
64169
62009
6102
51277
99299
27113
70074
68552
53813
64236
15405
11234
81585
10381
80684
75980
96380
96363
68640
59456
28471
27988
5906
26021
27981
91482
22601
787
10646
12677
53270
52548
73056
90610
28144
98660
17619
50854
86722
27453
48639
52100
50944
21472
89887
60129
82306
62743
31661
33569
70743
11043
35274
61923
30200
36793
83670
38393
7507
39121
56525
87321
64813
67305
12555
13694
55141
77485
17332
82375
96472
2582
18473
72
97615
48683
84797
31649
13227
15288
52419
23979
78584
40867
93156
56298
77489
93789
89204
60926
79366
56866
15391
30762
1480
14740
84184
74288
43620
36726
41115
76148
42740
78388
74226
9709
40720
94272
22132
99660
82737
40050
65628
18405
67148
34822
36155
826
66048
92023
95935
97096
29626
54674
38872
40970
31002
62598
45902
94229
66738
61786
4778
39684
30509
11071
75622
73784
86225
31978
74864
85474
88675
78599
98084
42451
7698
99874
79521
49502
90641
95588
19655
99474
31768
7431
14078
30763
94470
18759
24056
63182
67936
98626
31231
63299
25321
36362
89584
37661
69591
99125
93340
45168
61556
48343
37407
62636
85963
64244
82098
17776
88789
33054
31901
95439
18094
8120
23380
38421
18479
37650
51423
11409
24428
88423
18596
62780
45614
22221
90733
85864
81594
72470
15244
93280
87491
19033
33401
28570
65583
60918
46679
25753
63056
60219
61984
14062
68200
87617
41502
5000
86002
67267
31941
44347
38629
95965
91231
59493
59112
60263
39531
95197
65965
13497
87678
95131
1681
52946
8831
31167
98190
47061
94920
5955
72334
8784
1785
93569
94934
88148
99026
15546
6342
60062
75838
99239
66919
762
91303
43829
51179
32485
84772
68236
50779
23829
3062
76514
79951
41629
88354
46259
1388
92436
67863
39278
74660
31597
58908
11127
53591
36129
47637
54412
34353
93583
25214
42870
88943
2086
5520
75229
25828
3154
32909
32384
332
12048
51905
77339
22305
43461
55671
68956
87391
19249
93228
94793
29336
92561
26368
12804
43697
13476
17374
52452
36196
53970
71919
82063
90903
63773
64990
88092
41852
16608
49995
67186
44418
63360
4914
78375
11344
4245
10783
61056
36911
1997
26838
14741
18455
55085
4879
52648
38980
35359
72169
76727
59004
16464
16327
74759
88289
61989
66884
2988
60488
33259
11785
4926
66382
6145
83161
85176
94795
55680
14845
93237
35481
80922
17911
11945
90393
73694
30827
17858
63776
43717
18482
38285
61215
52764
94147
30231
76686
93877
67213
53648
4612
81305
22947
48823
8256
59585
57439
83984
52369
78873
54651
45991
49207
54047
90068
40703
77649
3870
20057
57708
76771
51747
96356
30035
35821
85418
93357
56079
64877
54163
6331
78711
57512
83435
99479
52110
16792
71386
47163
86067
59220
54238
55269
76139
45671
53067
58789
67158
23438
48817
9268
50600
29235
1850
86455
85635
15054
71698
89644
40967
64450
9591
69671
32036
10841
84473
98120
56151
94340
12268
69150
225
14022
35503
68855
19960
33182
59119
57851
88035
56761
74412
43679
1009
47962
40720
86883
90435
92363
54081
30873
7177
51718
45497
79246
63598
95545
4902
81381
94364
39620
90842
81942
22216
95790
34474
28176
51003
95850
98401
67629
16609
1614
55709
99413
70981