7994
46059
20313
85339
92404
71189
77762
17327
90512
17220
6490
28980
22579
91834
53512
82386
63904
48957
81462
38143
16160
22578
9877
64392
85122
46571
14834
74453
61010
23139
83877
74704
86727
70856
23401
88693
21182
3555
22535
84731
44024
12854
48561
10204
32198
41145
28658
78700
58748
82236
65839
49562
86794
5141
56019
84169
93047
81054
99289
16899
67016
81980
62625
60641
60449
81416
20900
1324
56859
76782
45370
73831
83061
39258
10747
18363
70164
12721
15626
62276
85694
57577
18074
53104
43293
33867
76938
16768
94899
81035
50819
52741
52094
94220
5276
68779
63718
31066
39515
76240
93104
77779
70558
69191
55435
43605
85244
58932
47846
7827
22823
74840
82497
79286
90849
68459
71586
73625
67294
1117
2742
71252
23543
48311
64112
77878
64483
54819
766
52481
87866
64270
268
31805
28045
59770
78229
64953
15813
52700
67523
39426
36197
46996
33301
31279
77169
53753
99346
81901
29131
90738
63210
37716
21230
80006
70496
46047
92905
22105
35012
40782
53706
91768
3558
89167
36135
49010
18915
55087
62814
23559
65241
74455
53473
40630
49926
15258
64340
45018
45232
410
37969
7345
19782
62514
79593
25409
50652
93334
88059
42988
10987
6973
97859
78118
26025
69607
95573
72524
20026
54239
64195
22754
51648
12425
53316
8985
97101
37837
66502
87795
53685
29893
31494
22396
93420
36815
71569
29688
44981
1318
17324
33660
40182
35544
24195
33857
72391
41637
59901
42
84794
47070
87834
79502
38744
54610
80658
47547
88718
66866
96162
11239
8429
44692
62044
87638
92264
8187
57818
88887
6353
55659
54042
68074
38012
21514
24253
9034
63501
92433
16458
66378
67396
35704
4413
72596
42287
25636
97826
84105
23504
41049
97744
97859
81153
29703
49869
39860
76985
41134
29128
60303
82371
85078
27951
13174
23620
75654
40649
79700
5675
91895
93307
60933
16279
49836
26853
34685
59796
61518
79196
18718
73018
73944
76025
44579
5148
42238
8472
53156
36213
28997
41378
22303
51216
89132
59483
11593
75608
75103
66510
50096
51771
47382
56005
37123
43009
14571
47533
17844
31484
67655
25805
6750
15658
65582
43581
82042
15986
79935
29332
59248
82592
70270
79000
3583
26142
87890
24255
27541
21576
51212
89285
66980
24206
63538
15895
65336
83075
40864
45912
4169
84984
40339
93266
54887
63390
49590
72200
34666
3804
49955
72302
67910
35856
51636
88164
95543
39788
13016
28431
76339
8442
49655
94953
71677
30356
68457
25104
22824
39168
51976
19614
47867
72874
93561
85704
47036
13021
41950
8073
82088
43144
41998
57430
45602
99159
71551
70994
53047
63687
1867
72508
30125
4329
4554
77937
46249
86520
3381
3060
88781
93178
88313
94615
72407
7712
31134
6118
98147
24561
84247
84977
45312
26372
51216
49506
61947
51472
23645
72891
28756
18995
88189
79151
66681
27637
70341
21044
13533
476
36206
5130
54999
77441
66032
69127
65390
29641
42930
79381
89958
88318
5259
91117
49010
82679
33274
23236
86540
40080
350
30426
30799
74683
69392
39089
93427
85158
37445
69182
5303
39168
24485
6372
61257
2074
92323
61419
47225
69741
74066
35632
1758
97594
61675
62753
64200
17666
33409
24254
98162
70168
34705
76373
49965
19461
56491
72673
35672
67990
93831
64070
41899
43638
23094
55651
8701
277
40722
16579
49191
92331
52268
51783
36747
75330
54102
41775
94725
67229
38947
84530
28426
20784
93740
96741
76217
89582
85883
39492
11609
31824
17853
66428
76908
38777
49594
58580
73043
98444
21308
87065
96641
57593
44974
41830
20552
42297
40496
50690
9761
10331
97070
67540
76096
88713
19868
81498
19643
24998
44090
16013
24053
83724
93546
72080
78467
52537
9486
49288
82029
10961
76766
34301
62543
29135
44850
9460
37435
79379
87943
21806
99926
48319
90296
75459
1368
69709
44387
56549
93227
15968
67491
64708
2765
98733
2317
90373
71257
45133
12702
53283
56215
68786
64688
72327
48098
36403
15485
75792
75754
74007
94601
75344
59081
60459
74763
65115
29409
60272
7097
70195
73593
24328
11144
95518
74278
40512
29222
38963
15281
68204
78864
46251
76113
65924
68463
56696
6534
262
8999
77120
89415
91042
18840
48781
33456
50152
18494
35020
4834
8749
56703
12806
55195
8100
35899
47591
58673
80329
60706
8048
18266
33227
56036
4989
14165
4389
46017
54048
38618
38945
37103
17766
27880
71486
48622
69238
2609
36876
90514
35769
42489
12957
8673
9123
94494
82857
63698
97186
61202
45366
6557
88005
28385
66663
12300
16397
27149
67240
15190
65705
47109
55421
69663
66485
72646
94630
26916
32634
87319
19686
96500
8203
67923
57273
91548
97618
46201
97577
16901
75869
19630
13677
4347
81604
17438
39376
82227
36091
29318
26295
61312
46288
54577
50394
33769
16461
41920
55280
50738
29686
90959
123
62127
20578
82131
44423
18335
93744
86680
82546
69151
27863
777
52626
80335
8332
67202
93427
9549
78504
96781
86212
5262
66748
76492
49445
18172
66592
22091
96225
18174
73801
49
41536
58049
78020
95795
62399
99671
58935
90705
7061
30976
31593
65421
24568
73436
88179
74955
29166
76793
68216
93846
66779
44644
28629
77429
33220
18943
81327
96655
85945
150
5835
25938
6324
48727
51037
26337
28466
14665
22253
44548
73088
30294
56738
29564
44610
62654
89436
22429
71435
62156
68216
28454
43777
59299
57004
70370
29531
36757
63394
95495
92346
27485
79787
5804
13594
80066
5804
57216
21484
426
73290
97107
84088
96412
57232
65725
89809
6689
78058
95382
84847
54166
72000
19005
4490
94617
8357
79011
83315
19930
11376
64966
78059
76900
70854
46489
83039
32004
3795
3618
83247
99247
14362
69698
23005
3178
55968
53350
3415
71122
91868
20599
85883
31003
97770
91818
60691
39673
64838
91379
43139
14294
1863
24793
38083
18003
47812
85569
81470
42198
72629
43097
13142
39192
93851
92631
92692
12021
50701
78975
48635
40659
16308
37511
88020
53618
20985
59153
34019
52199
94124
12432
76756
73151
48469
93716
12664
30201
85821
87657
31622
15845
9075
7181
76957
76140
80936
38641
64191
84836
25115
86225
18466
79615
30220
6700
59677
28835
50281
7467
54883
78616
28467
10954
82178
77728
50199
12394
1031
97152
88025
22699
64900
15515
12154
6802
88065
22295
25654
19900
69457
42687
57794
68356
18400
58163
46390
12536
19552
18131
2379
22167